733.2
182.1
-84.66
148.78
-52.42
74.53
517.13
-291.86
217.74
85.42
200.78
-4.37
-154.63
231.52
168.08
1133.25
-66.08
-616.84
524.55
-49.74
-31.83
394.55
453.46
3.57
-210.94
-100.36
593.75
803.26
167.58
-29.15
694.43
17.64
-240.25
28.46
546.11
-342.79
-1313.63
-96.95
507.12
379.31
1257.49
-869.7
278.73
156.42
-589.52
375.97
157.95
-106.16
-720.85
224.05
-317.91
-132.72
623.74
253.38
61.57
135.98
1493.55
1126.31
273.73
594.65
-246.82
-593.6
891.74
-461.86
422.35
761.21
1445.48
-140.03
607.49
178.47
1124.17
279.75
472.63
2268.61
322.11
-696.97
1553.51
2207.09
2243.9
1258.64
-437.15
-1480.3
-2239.01
-1437.53
2922.27
1523.94
-1734.39
-544.73
-277.19
671.7
-619.98
-365.62
-4024.23
1771.42
-756.81
196.37
121.06
114.14
-1614.74
3155.72
-53.7
-20.64
-919.62
478.91
1706.14
1629.0
-266.5
789.14
922.73
-308.92
6062.18
27.63
-1309.54
2420.79
-283.82
-311.88
1306.9
-665.78
1182.7
2589.38
-541.86
3375.22
149.55
1193.34
-2900.82
-4370.26
666.94
-2073.47
-393.65
-124.88
-905.94
3819.0
-1113.43
1851.01
-1362.17
482.72
16.33
1863.95
1194.51
1988.52
820.11
1331.01
-277.65
3244.11
-1639.14
-2759.16
915.68
1422.32
-617.92
288.95
-18.71
-422.55
-2723.26
537.6
-1565.89
-752.8
2867.36
709.99
6.0
1604.65
1202.07
-17.9
-82.47
339.03
-1524.38
955.05
119.66
-1055.97
-1756.13
1694.73
5.5
1337.27
294.56
-296.45
2843.3
-491.4
203.7
-1488.26
-691.07
-3713.51
-716.42
697.04
-2198.3
-1662.5
-790.35
-901.37
-792.21
4142.67
818.01
-339.53
-1026.58
3837.64
92.51
-1010.75
341.83
-3121.31
3518.03
-1094.7
411.19
1253.47
-538.57
-1864.26
693.72
-5502.96
-45.13
-101.61
-2584.3
-252.62
-2436.85
-634.97
-4944.57
3004.08
-2515.66
131.7
-2325.55
3278.83
-428.91
911.12
-658.35
-2323.95
-883.12
876.45
1233.69
-456.38
759.89
1574.44
-2059.39
-1102.65
244.65
-1903.39
-104.27
3253.47
-559.28
695.51
-1473.58
2864.95
1140.09
-237.93
-1166.47
24.08
-1767.56
-245.6
47.5
-3471.06
682.51
998.32
823.65
-2585.85
580.48
2003.84
-149.62
1265.68
-617.87
-1224.55
205.58
683.65
548.73
-1333.61
521.43
-211.81
-1002.22
728.29
-254.41
637.28
-929.89
-130.73
-49.89
-786.91
-357.58
115.69
206.82
-778.25
-848.89
1961.42
186.91
1099.26
591.75
929.44
1515.28
1840.2
348.89
-100.25
1893.7
-619.76
-1301.65
-641.33
-791.31
1371.45
963.07
1875.63
1480.63
-607.26
2157.17
-530.32
-95.77
-950.82
2662.47
-605.29
-68.74
-848.0
-844.7
75.45
1765.35
2166.74
-391.53
355.01
55.32
-1589.55
1022.94
-1724.96
1705.22
-136.78
-70.09
-1535.16
21.84
1325.8
295.54
578.7
-60.14
1555.56
773.66
-4810.06
-800.61
494.58
-1258.02
285.06
723.9
-913.73
1833.92
846.83
-143.15
-295.32
848.83
-861.63
-3624.47
-1980.12
2573.49
951.16
-1669.39
-101.76
433.48
-805.41
-940.23
682.17
2040.23
3657.65
-394.55
407.04
793.46
2068.59
3497.46
-1339.76
64.05
879.18
-190.05
2494.53
-1212.69
882.81
2.36
3641.11
-622.32
583.69
344.34
1842.55
1382.56
-3108.92
-1409.89
587.86
-419.44
2007.95
-2266.87
-1625.28
1457.87
1968.06
-336.36
-437.68
-504.84
2076.22
-440.19
-988.92
-336.82
420.77
1474.79
3521.65
-539.56
-1149.38
80.17
-611.61
259.75
932.61
-1216.43
-2905.69
192.17
-3283.07
1445.28
1431.22
-876.69
-1956.01
1097.02
-163.45
1565.13
-5114.93
951.06
2309.9
497.05
-998.86
