10070.59
10803.79
10985.89
10901.23
11050.01
10997.59
11072.12
11589.25
11297.39
11515.13
11600.55
11801.33
11796.96
11642.33
11873.85
12041.93
13175.18
13109.10
12492.26
13016.81
12967.07
12935.24
13329.79
13783.25
13786.82
13575.88
13475.52
14069.27
14872.53
15040.11
15010.96
15705.39
15723.03
15482.78
15511.24
16057.35
15714.56
14400.93
14303.98
14811.10
15190.41
16447.90
15578.20
15856.93
16013.35
15423.83
15799.80
15957.75
15851.59
15130.74
15354.79
15036.88
14904.16
15527.90
15781.28
15842.85
15978.83
17472.38
18598.69
18872.42
19467.07
19220.25
18626.65
19518.39
19056.53
19478.88
20240.09
21685.57
21545.54
22153.03
22331.50
23455.67
23735.42
24208.05
26476.66
26798.77
26101.80
27655.31
29862.40
32106.30
33364.94
32927.79
31447.49
29208.48
27770.95
30693.22
32217.16
30482.77
29938.04
29660.85
30332.55
29712.57
29346.95
25322.72
27094.14
26337.33
26533.70
26654.76
26768.90
25154.16
28309.88
28256.18
28235.54
27315.92
27794.83
29500.97
31129.97
30863.47
31652.61
32575.34
32266.42
38328.60
38356.23
37046.69
39467.48
39183.66
38871.78
40178.68
39512.90
40695.60
43284.98
42743.12
46118.34
46267.89
47461.23
44560.41
40190.15
40857.09
38783.62
38389.97
38265.09
37359.15
41178.15
40064.72
41915.73
40553.56
41036.28
41052.61
42916.56
44111.07
46099.59
46919.70
48250.71
47973.06
51217.17
49578.03
46818.87
47734.55
49156.87
48538.95
48827.90
48809.19
48386.64
45663.38
46200.98
44635.09
43882.29
46749.65
47459.64
47465.64
49070.29
50272.36
50254.46
50171.99
50511.02
48986.64
49941.69
50061.35
49005.38
47249.25
48943.98
48949.48
50286.75
50581.31
50284.86
53128.16
52636.76
52840.46
51352.20
50661.13
46947.62
46231.20
46928.24
44729.94
43067.44
42277.09
41375.72
40583.51
44726.18
45544.19
45204.66
44178.08
48015.72
48108.23
47097.48
47439.31
44318.00
47836.03
46741.33
47152.52
48405.99
47867.42
46003.16
46696.88
41193.92
41148.79
41047.18
38462.88
38210.26
35773.41
35138.44
30193.87
33197.95
30682.29
30813.99
28488.44
31767.27
31338.36
32249.48
31591.13
29267.18
28384.06
29260.51
30494.20
30037.82
30797.71
32372.15
30312.76
29210.11
29454.76
27551.37
27447.10
30700.57
30141.29
30836.80
29363.22
32228.17
33368.26
33130.33
31963.86
31987.94
30220.38
29974.78
30022.28
26551.22
27233.73
28232.05
29055.70
26469.85
27050.33
29054.17
28904.55
30170.23
29552.36
28327.81
28533.39
29217.04
29765.77
28432.16
28953.59
28741.78
27739.56
28467.85
28213.44
28850.72
27920.83
27790.10
27740.21
26953.30
26595.72
26711.41
26918.23
26139.98
25291.09
27252.51
27439.42
28538.68
29130.43
30059.87
31575.15
33415.35
33764.24
33663.99
35557.69
34937.93
33636.28
32994.95
32203.64
33575.09
34538.16
36413.79
37894.42
37287.16
39444.33
38914.01
38818.24
37867.42
40529.89
39924.60
39855.86
39007.86
38163.16
38238.61
40003.96
42170.70
41779.17
42134.18
42189.50
40599.95
41622.89
39897.93
41603.15
41466.37
41396.28
39861.12
39882.96
41208.76
41504.30
42083.00
42022.86
43578.42
44352.08
39542.02
38741.41
39235.99
37977.97
38263.03
38986.93
38073.20
39907.12
40753.95
40610.80
40315.48
41164.31
40302.68
36678.21
34698.09
37271.58
38222.74
36553.35
36451.59
36885.07
36079.66
35139.43
35821.60
37861.83
41519.48
41124.93
41531.97
42325.43
44394.02
47891.48
46551.72
46615.77
47494.95
47304.90
49799.43
48586.74
49469.55
49471.91
53113.02
52490.70
53074.39
53418.73
55261.28
56643.84
53534.92
52125.03
52712.89
52293.45
54301.40
52034.53
50409.25
51867.12
53835.18
53498.82
53061.14
52556.30
54632.52
54192.33
53203.41
52866.59
53287.36
54762.15
58283.80
57744.24
56594.86
56675.03
56063.42
56323.17
57255.78
56039.35
53133.66
53325.83
50042.76
51488.04
52919.26
52042.57
50086.56
51183.58
51020.13
52585.26
47470.33
48421.39
50731.29
51228.34
50229.48
