6420.39
6252.61
6582.18
6640.49
6638.83
6940.14
7317.35
7272.35
7092.62
7339.44
7222.86
7367.13
7310.00
7931.04
7901.39
7834.89
8049.20
8062.04
7845.86
7803.73
7888.60
7822.17
7604.95
7655.16
7586.49
7796.54
8087.96
8490.03
8457.96
8621.44
8424.47
8463.65
8428.21
8399.97
8316.50
8743.84
8858.22
8946.47
9011.17
9237.74
9033.62
9345.10
9492.65
9418.99
9522.67
9130.57
9167.79
8943.96
9398.35
8908.91
8909.04
8931.19
8908.71
9154.48
8895.22
8584.46
8105.42
7989.28
7863.05
7798.25
7748.90
7957.12
7861.40
7864.16
8091.02
8082.08
7892.80
7124.95
6949.93
6990.01
7026.04
4490.61
5000.74
4666.94
4828.63
4481.60
4745.01
4798.13
5811.49
5766.27
5746.79
5455.06
5979.90
6244.30
6132.73
6083.10
5790.62
5592.18
5320.83
5829.74
5837.19
6034.02
6271.00
6236.36
6351.27
6280.81
6734.94
6590.67
6756.48
6685.64
6279.95
6271.38
6373.56
6266.58
6233.43
6089.85
6555.23
6521.65
6676.71
6614.34
6333.40
6335.59
6589.07
6897.75
6976.94
6995.10
7099.56
7204.07
7207.59
8089.51
7925.95
7994.11
8097.36
8118.78
8171.92
8309.09
8578.05
9167.76
8970.34
8742.70
8078.93
7965.04
8118.56
8568.19
9008.85
8624.64
8663.17
8944.40
8909.90
8899.21
8674.12
8291.79
8426.28
8451.25
8055.52
8172.06
8050.18
8339.98
8603.49
8499.69
8734.90
8515.80
9133.90
8525.82
8594.66
8645.19
8559.45
8548.91
8626.79
8647.85
8641.42
8680.70
8256.87
8423.27
8420.45
8341.49
8337.54
8465.15
8432.41
8397.87
8312.31
8348.06
8322.87
8551.32
8512.90
8280.92
8254.81
8172.39
8065.99
8144.74
8167.71
8143.94
8203.57
8119.92
8078.46
8115.69
8063.46
8264.47
8207.33
8315.80
8218.09
8209.75
8177.93
8206.02
8142.37
8097.33
8055.30
8018.53
8006.64
8012.61
8032.54
7998.35
8127.25
8234.96
8267.71
8184.15
8304.91
8498.32
9364.97
9311.65
9420.15
9353.98
9612.67
9982.99
9369.20
9563.27
9485.31
9896.75
9919.71
9843.67
9956.29
9897.83
10125.94
9715.63
9824.37
9968.86
9937.76
10020.50
10041.84
10317.51
10034.85
9932.01
10003.85
9822.36
9902.24
9890.62
9982.18
9606.05
9699.84
9584.79
9693.07
9665.90
9821.79
9779.58
10039.01
9633.91
8638.64
8880.32
8588.62
8686.75
8771.99
8610.45
8677.16
8766.25
8786.55
8822.45
8722.68
8995.85
9116.15
9299.67
9242.69
9234.82
9371.75
9229.53
8894.59
9000.99
8786.63
9222.25
9195.35
9239.47
9263.44
9171.50
9231.85
9208.38
9042.86
9025.39
9004.35
9108.69
9156.67
9033.74
9070.85
9288.33
9347.72
9547.99
9643.17
9782.79
9736.38
9725.59
9828.44
9664.64
9693.55
9807.70
9977.85
10070.59
10803.79
10985.89
10901.23
11050.01
10997.59
11072.12
11589.25
11297.39
11515.13
11600.55
11801.33
11796.96
11642.33
11873.85
12041.93
13175.18
13109.10
12492.26
13016.81
12967.07
12935.24
13329.79
13783.25
13786.82
13575.88
13475.52
14069.27
14872.53
15040.11
15010.96
15705.39
15723.03
15482.78
15511.24
16057.35
15714.56
14400.93
14303.98
14811.10
15190.41
16447.90
15578.20
15856.93
16013.35
15423.83
15799.80
15957.75
15851.59
15130.74
15354.79
15036.88
14904.16
15527.90
15781.28
15842.85
15978.83
17472.38
18598.69
18872.42
19467.07
19220.25
18626.65
19518.39
19056.53
19478.88
20240.09
21685.57
21545.54
22153.03
22331.50
23455.67
