Dec 01, 2021	50,229.48	52,112.79	49,916.24	50,513.57	32,532,664,938	954,118,520,175
Nov 30, 2021	51,228.34	52,365.13	49,657.90	50,497.80	32,518,014,873	953,776,543,151
Nov 29, 2021	50,731.29	52,131.23	50,289.10	51,187.02	28,663,990,685	966,752,624,270
Nov 28, 2021	48,421.39	50,701.26	47,329.26	50,572.83	24,838,232,473	955,106,130,282
Nov 27, 2021	47,470.33	48,877.43	47,410.20	48,423.20	26,997,217,218	914,466,417,557
Nov 26, 2021	52,585.26	52,784.33	47,777.59	47,777.59	37,290,002,881	902,233,430,319
Nov 25, 2021	51,020.13	52,985.91	51,003.42	51,117.65	30,598,484,501	965,238,918,392
Nov 24, 2021	51,183.58	51,394.50	49,759.52	50,040.67	32,573,818,134	944,845,458,618
Nov 23, 2021	50,086.56	51,484.03	49,488.96	51,211.43	33,346,059,145	966,943,878,930
Nov 22, 2021	52,042.57	52,538.56	49,359.18	49,899.44	31,058,891,311	942,128,871,974
Nov 21, 2021	52,919.26	53,161.94	51,934.44	52,033.26	23,144,512,504	982,371,117,212
Nov 20, 2021	51,488.04	53,033.88	50,916.28	52,889.75	27,132,088,068	998,497,593,608
Nov 19, 2021	50,042.76	51,322.49	48,995.27	51,118.84	34,040,547,946	965,018,255,436
Nov 18, 2021	53,325.83	53,845.62	49,960.42	50,306.16	36,564,983,096	949,633,091,634
Nov 17, 2021	53,133.66	53,737.96	51,698.66	53,335.44	34,614,306,046	1,006,771,077,842
Nov 16, 2021	56,039.35	56,039.35	51,901.68	52,908.57	41,197,063,559	998,663,084,212
Nov 15, 2021	57,255.78	57,920.15	55,531.55	55,540.05	26,703,775,527	1,048,280,157,195
Nov 14, 2021	56,323.17	57,231.78	55,617.49	57,207.02	21,952,488,063	1,079,688,465,968
Nov 13, 2021	56,063.42	56,725.39	55,316.83	56,335.54	26,629,356,281	1,063,187,135,656
Nov 12, 2021	56,675.03	57,196.52	54,464.38	56,056.38	31,529,248,204	1,057,864,826,974
Nov 11, 2021	56,594.86	57,117.55	55,899.47	56,569.66	31,251,062,771	1,067,502,071,740
Nov 10, 2021	57,744.24	59,327.96	54,514.15	56,055.46	42,028,146,589	1,057,741,988,555
Nov 09, 2021	58,283.80	59,129.90	57,276.30	57,785.17	36,547,661,281	1,090,327,368,291
Nov 08, 2021	54,762.15	58,505.23	54,762.15	58,412.81	35,553,869,788	1,102,116,045,639
Nov 07, 2021	53,287.36	54,821.41	53,181.37	54,821.41	21,405,654,478	1,034,305,649,454
Nov 06, 2021	52,866.59	53,318.31	52,083.06	53,263.60	25,187,135,416	1,004,864,096,965
Nov 05, 2021	53,203.41	54,139.52	52,670.62	52,913.93	26,493,551,773	998,214,972,625
Nov 04, 2021	54,192.33	54,348.58	52,347.96	52,909.82	28,081,950,639	998,087,780,812
Nov 03, 2021	54,632.52	54,859.32	52,844.58	54,386.98	31,200,786,106	1,025,905,265,869
Nov 02, 2021	52,556.30	55,383.58	52,306.12	54,507.35	32,541,324,961	1,028,118,363,972
Nov 01, 2021	53,061.14	54,011.73	51,654.78	52,787.66	31,281,416,036	995,630,387,381
Oct 31, 2021	53,498.82	53,979.47	51,962.49	53,039.06	27,887,670,701	1,000,325,561,404
Oct 30, 2021	53,835.18	53,913.71	52,692.58	53,531.98	27,815,652,165	1,009,574,001,512
Oct 29, 2021	51,867.12	53,837.21	51,614.82	53,238.64	31,532,610,340	1,003,989,181,969
Oct 28, 2021	50,409.25	53,562.83	50,181.81	52,264.04	39,017,398,666	985,555,416,701
Oct 27, 2021	52,034.53	52,968.43	50,186.17	50,422.58	37,640,433,184	950,780,102,862
Oct 26, 2021	54,301.40	54,470.48	51,681.13	52,002.14	30,047,496,395	980,516,247,492
Oct 25, 2021	52,293.45	54,728.39	52,119.87	54,136.27	26,677,396,692	1,020,704,501,022
Oct 24, 2021	52,712.89	52,830.96	51,231.19	52,337.09	23,463,481,991	986,723,254,039
Oct 23, 2021	52,125.03	53,026.14	51,379.50	52,725.33	23,086,945,595	993,993,045,657
Oct 22, 2021	53,534.92	54,805.50	51,715.59	52,205.42	33,059,691,244	984,143,001,442
Oct 21, 2021	56,643.84	57,157.32	53,309.84	53,389.45	39,398,854,749	1,006,410,550,819
Oct 20, 2021	55,261.28	57,535.70	54,681.96	56,729.75	35,063,613,831	1,069,323,554,746
Oct 19, 2021	53,418.73	55,477.68	53,056.91	55,329.12	34,845,416,755	1,042,871,336,680
Oct 18, 2021	53,074.39	53,993.50	51,749.84	53,485.96	32,815,843,955	1,008,078,842,014
Oct 17, 2021	52,490.70	53,144.05	51,005.16	53,064.82	25,028,542,740	1,000,092,383,577
Oct 16, 2021	53,113.02	53,686.27	51,903.15	52,494.60	29,527,448,010	989,293,563,945
Oct 15, 2021	49,471.91	54,140.14	49,059.75	53,136.67	44,670,314,109	1,001,350,548,158
Oct 14, 2021	49,469.55	50,423.11	49,111.07	49,425.31	31,571,856,258	931,364,720,476
Oct 13, 2021	48,586.74	50,017.68	47,141.16	49,768.36	36,141,414,322	937,787,673,040
Oct 12, 2021	49,799.43	49,886.90	47,160.11	48,513.23	35,565,100,861	914,086,857,978
Oct 11, 2021	47,304.90	49,948.62	47,119.63	49,682.21	36,850,038,755	936,069,557,914
Oct 10, 2021	47,494.95	48,746.86	46,899.84	47,338.31	34,163,317,551	891,864,962,369
Oct 09, 2021	46,615.77	47,884.82	46,447.53	47,513.38	28,084,720,831	895,115,235,273
Oct 08, 2021	46,551.72	48,386.74	46,453.00	46,695.09	30,111,073,353	879,657,761,961
Oct 07, 2021	47,891.48	47,891.48	46,322.33	46,565.10	31,854,479,406	877,172,650,956
Oct 06, 2021	44,394.02	47,913.52	43,533.09	47,735.02	42,279,852,844	899,170,866,259
Oct 05, 2021	42,325.43	44,619.25	42,237.53	44,339.37	30,877,063,989	835,169,668,255
Oct 04, 2021	41,531.97	42,607.01	40,529.27	42,310.76	28,759,603,541	796,916,097,987
Oct 03, 2021	41,124.93	42,376.16	40,674.06	41,573.37	22,975,881,070	782,987,438,555
Oct 02, 2021	41,519.48	41,644.19	40,939.89	41,152.06	26,405,455,522	775,014,221,067
Oct 01, 2021	37,861.83	41,853.32	37,432.62	41,577.61	37,027,025,137	782,980,414,420
Sep 30, 2021	35,821.60	38,012.50	35,729.62	37,752.39	26,847,430,838	710,909,175,215
Sep 29, 2021	35,139.43	36,406.11	34,938.07	35,566.75	26,186,531,178	669,717,004,159
Sep 28, 2021	36,079.66	36,570.61	34,994.52	35,082.48	25,832,263,424	660,568,301,007
Sep 27, 2021	36,885.07	37,805.67	35,994.77	36,033.25	26,430,487,872	678,435,499,131
Sep 26, 2021	36,451.59	37,473.48	34,853.34	36,867.04	26,161,227,819	694,098,708,074
Sep 25, 2021	36,553.35	36,685.91	35,631.03	36,447.29	26,966,250,911	686,165,145,172
Sep 24, 2021	38,222.74	38,381.26	34,853.14	36,473.51	36,473,161,905	686,624,028,787
Sep 23, 2021	37,271.58	38,453.96	36,885.73	38,413.68	29,300,317,337	723,113,772,317
Sep 22, 2021	34,698.09	37,513.54	34,653.46	37,168.84	32,532,981,288	699,642,282,460
Sep 21, 2021	36,678.21	37,185.91	33,928.45	34,701.09	41,529,318,861	653,162,675,753
Sep 20, 2021	40,302.68	40,359.64	36,326.69	36,535.52	37,444,603,880	687,662,933,760
Sep 19, 2021	41,164.31	41,215.06	40,013.82	40,304.13	22,998,424,455	758,553,629,716
Sep 18, 2021	40,315.48	41,610.26	40,156.65	41,172.42	24,369,669,132	774,852,517,858
Sep 17, 2021	40,610.80	40,942.27	39,812.98	40,182.78	24,421,831,614	756,188,937,379
Sep 16, 2021	40,753.95	41,031.45	39,840.56	40,436.14	26,880,184,182	760,920,466,223
Sep 15, 2021	39,907.12	41,053.10	39,632.02	40,820.83	25,830,154,030	768,124,006,953
Sep 14, 2021	38,073.20	39,985.39	37,897.30	39,879.01	32,731,532,059	750,365,866,430
Sep 13, 2021	38,986.93	39,445.27	36,899.57	38,060.75	34,680,606,294	716,113,171,690
Sep 12, 2021	38,263.03	39,243.37	37,910.78	38,988.09	23,599,391,654	733,523,878,805
Sep 11, 2021	37,977.97	38,908.55	37,934.32	38,258.65	29,200,764,051	719,765,730,424
Sep 10, 2021	39,235.99	39,773.05	37,500.53	37,956.71	33,111,691,973	714,050,794,753
Sep 09, 2021	38,741.41	40,000.10	38,652.54	39,263.33	32,730,564,591	738,597,307,971
Sep 08, 2021	39,542.02	39,969.54	37,628.27	38,920.21	41,382,840,753	732,109,393,648
Sep 07, 2021	44,352.08	44,514.87	36,455.97	39,425.60	54,921,672,937	741,579,712,909
Sep 06, 2021	43,578.42	44,362.91	42,976.27	44,306.17	32,732,095,570	833,338,741,850
Sep 05, 2021	42,022.86	43,647.65	41,686.88	43,550.65	25,516,623,090	819,081,053,666
Sep 04, 2021	42,083.00	42,534.26	41,695.45	42,028.55	31,532,234,752	790,412,090,475
Sep 03, 2021	41,504.30	42,930.79	40,744.62	42,125.02	36,382,757,290	792,186,224,775
Sep 02, 2021	41,208.76	42,505.25	41,077.45	41,647.69	33,356,900,819	783,170,533,488
Sep 01, 2021	39,882.96	41,586.09	39,427.95	41,362.49	33,142,303,833	777,765,034,765
Aug 31, 2021	39,861.12	40,848.84	39,628.65	39,981.79	29,439,887,166	751,773,011,187
Aug 30, 2021	41,396.28	41,473.21	39,798.76	39,887.52	26,996,039,060	749,965,197,196
Aug 29, 2021	41,466.37	42,087.68	40,630.97	41,397.35	21,948,934,798	778,317,962,394
Aug 28, 2021	41,603.15	41,781.96	41,117.07	41,458.87	24,219,695,246	779,433,219,104
Aug 27, 2021	39,897.93	41,785.21	39,472.30	41,739.17	29,362,058,818	784,664,460,002
Aug 26, 2021	41,622.89	41,915.89	39,417.12	39,872.77	27,746,999,870	749,542,464,998
Aug 25, 2021	40,599.95	41,855.22	40,120.48	41,649.28	27,771,139,910	782,900,203,307
Aug 24, 2021	42,189.50	42,458.86	40,593.23	40,609.40	30,100,876,719	763,311,861,456
Aug 23, 2021	42,134.18	43,151.73	41,948.63	42,351.70	29,323,719,784	796,021,085,346
Aug 22, 2021	41,779.17	42,294.27	41,207.09	42,166.07	21,690,154,270	792,478,030,218
Aug 21, 2021	42,170.70	42,504.07	41,303.06	41,810.28	34,697,103,726	785,750,288,015
Aug 20, 2021	40,003.96	42,246.36	39,941.96	42,243.81	29,715,742,257	793,852,479,850
Aug 19, 2021	38,238.61	40,143.51	37,603.12	39,927.13	31,796,628,302	750,275,448,006
Aug 18, 2021	38,163.16	39,243.75	37,887.54	38,260.89	27,494,264,018	718,929,722,332
Aug 17, 2021	39,007.86	40,029.51	37,798.61	37,953.96	28,405,893,579	713,130,178,755
Aug 16, 2021	39,855.86	40,684.96	38,737.28	38,995.10	27,782,893,359	732,651,418,304
Aug 15, 2021	39,924.60	40,145.38	38,638.55	39,882.50	26,269,835,898	749,281,712,220
Aug 14, 2021	40,529.89	40,774.02	39,145.52	39,924.83	26,458,364,542	750,033,648,079
Aug 13, 2021	37,867.42	40,758.01	37,733.40	40,725.07	27,049,537,507	765,024,781,665
Aug 12, 2021	38,818.24	39,373.58	37,357.19	37,839.97	28,722,711,370	710,791,012,532
Aug 11, 2021	38,914.01	39,883.39	38,702.38	38,908.83	29,287,856,288	730,836,025,769
Aug 10, 2021	39,444.33	39,748.72	38,101.74	38,851.30	28,590,668,606	729,719,708,314
Aug 09, 2021	37,287.16	39,556.23	36,484.03	39,478.38	32,980,596,415	741,457,685,262
Aug 08, 2021	37,894.42	38,496.25	36,838.10	37,234.44	30,862,274,805	699,276,824,364
Aug 07, 2021	36,413.79	37,992.55	36,231.66	37,878.58	34,031,757,079	711,336,499,032
Aug 06, 2021	34,538.16	36,571.43	33,749.04	36,186.75	32,307,456,184	679,527,193,253
Aug 05, 2021	33,575.09	34,924.55	31,643.51	34,525.50	29,723,364,207	648,298,392,941
Aug 04, 2021	32,203.64	33,669.12	31,677.63	33,496.53	21,382,295,902	628,943,050,857
Aug 03, 2021	32,994.95	33,476.36	31,818.99	32,131.37	22,056,341,890	603,282,790,916
Aug 02, 2021	33,636.28	34,067.75	32,657.78	33,041.79	21,573,251,021	620,342,042,609
Aug 01, 2021	34,937.93	35,848.72	33,320.08	33,685.77	22,489,626,212	632,402,852,496
Jul 31, 2021	35,557.69	35,587.30	34,642.99	35,077.27	21,743,361,094	658,491,125,120
Jul 30, 2021	33,663.99	35,521.02	32,293.02	35,521.02	27,814,938,071	666,787,357,257
Jul 29, 2021	33,764.24	34,268.75	33,221.09	33,775.19	22,934,559,010	633,979,479,876
Jul 28, 2021	33,415.35	34,525.91	32,873.35	33,832.14	32,737,977,108	635,015,244,875
Jul 27, 2021	31,575.15	33,380.16	30,868.44	33,380.16	29,729,683,999	626,498,067,449
Jul 26, 2021	30,059.87	34,405.77	29,977.70	31,719.43	43,344,928,925	595,296,356,946
Jul 25, 2021	29,130.43	30,043.35	28,783.43	30,030.83	17,718,254,712	563,575,865,516
Jul 24, 2021	28,538.68	29,300.42	28,395.22	29,132.26	18,404,688,435	546,684,434,533
Jul 23, 2021	27,439.42	28,522.86	27,228.72	28,522.86	19,154,828,506	535,222,899,904
Jul 22, 2021	27,252.51	27,623.52	26,918.78	27,400.25	16,582,072,825	514,133,049,511
Jul 21, 2021	25,291.09	27,800.17	25,061.82	27,255.56	23,938,727,245	511,392,925,650
Jul 20, 2021	26,139.98	26,282.30	24,887.73	25,266.11	19,621,559,285	474,041,773,807
Jul 19, 2021	26,918.23	26,990.90	25,871.74	26,086.83	17,297,742,828	489,419,129,003
Jul 18, 2021	26,711.41	27,444.22	26,441.71	26,934.12	15,914,739,866	505,288,528,889
Jul 17, 2021	26,595.72	27,051.98	26,448.91	26,710.72	16,005,403,695	501,072,803,057
Jul 16, 2021	26,953.30	27,272.30	26,326.16	26,597.77	20,061,180,621	498,929,871,461
Jul 15, 2021	27,740.21	28,020.56	26,344.10	26,855.35	17,999,368,990	503,737,093,495
Jul 14, 2021	27,790.10	28,076.76	26,868.93	27,873.76	18,153,612,976	522,816,362,940
Jul 13, 2021	27,920.83	28,090.78	27,192.54	27,563.92	16,116,606,790	516,975,721,496
Jul 12, 2021	28,850.72	29,135.52	27,539.57	27,925.78	20,484,977,557	523,739,594,939
Jul 11, 2021	28,213.44	29,119.08	28,076.75	28,829.00	16,930,826,215	540,657,167,124
Jul 10, 2021	28,467.85	28,802.81	27,882.49	28,223.07	19,341,490,472	529,271,485,078
Jul 09, 2021	27,739.56	28,736.15	27,281.37	28,529.95	23,159,595,867	534,996,783,145
Jul 08, 2021	28,741.78	28,757.30	27,252.15	27,883.30	25,367,007,650	522,847,588,373
Jul 07, 2021	28,953.59	29,606.66	28,626.72	28,640.29	20,976,472,200	537,018,426,029
Jul 06, 2021	28,432.16	29,540.85	28,327.95	28,863.55	22,343,106,191	541,182,615,543
Jul 05, 2021	29,765.77	29,765.77	28,018.94	28,468.03	22,542,223,028	533,740,622,305
Jul 04, 2021	29,217.04	30,289.12	28,990.25	29,741.46	21,006,854,739	557,592,472,992
Jul 03, 2021	28,533.39	29,422.43	28,152.66	29,219.55	20,551,434,327	547,786,078,727
Jul 02, 2021	28,327.81	28,657.10	27,670.12	28,621.18	32,701,042,366	536,546,682,265
Jul 01, 2021	29,552.36	29,552.36	27,737.01	28,317.61	31,916,630,551	530,838,910,138
Jun 30, 2021	30,170.23	30,310.01	28,639.18	29,441.31	28,616,402,130	551,887,481,622
Jun 29, 2021	28,904.55	30,637.16	28,717.52	30,071.80	31,776,849,411	563,689,048,514
Jun 28, 2021	29,054.17	29,507.23	28,403.16	28,849.09	28,395,156,399	540,751,943,903
Jun 27, 2021	27,050.33	29,034.73	26,869.56	29,029.30	29,751,475,183	544,115,745,694
Jun 26, 2021	26,469.85	27,343.61	25,288.42	26,965.50	32,326,643,063	505,421,640,137
Jun 25, 2021	29,055.70	29,749.95	26,282.32	26,522.84	33,726,693,478	497,110,237,830
Jun 24, 2021	28,232.05	29,527.91	27,144.44	29,053.15	27,763,145,947	544,514,707,911
Jun 23, 2021	27,233.73	29,107.93	26,611.36	28,244.93	38,793,172,483	529,344,838,322
Jun 22, 2021	26,551.22	27,953.48	24,260.07	27,292.86	49,508,475,616	511,488,776,973
Jun 21, 2021	30,022.28	30,090.09	26,362.10	26,682.83	44,483,640,850	500,041,594,920
Jun 20, 2021	29,974.78	30,393.13	28,178.59	30,088.70	30,902,684,407	563,847,769,700
Jun 19, 2021	30,220.38	30,728.85	29,443.72	30,019.23	26,303,398,991	562,526,155,637
Jun 18, 2021	31,987.94	32,061.64	29,600.46	30,046.61	30,393,902,947	563,020,192,002
Jun 17, 2021	31,963.86	32,941.12	31,212.11	31,723.84	30,926,158,338	594,423,800,273
Jun 16, 2021	33,130.33	33,417.43	31,486.83	31,627.89	32,340,972,397	592,600,119,379
Jun 15, 2021	33,368.26	34,084.78	32,693.34	33,351.01	38,314,819,776	624,846,402,359
Jun 14, 2021	32,228.17	33,848.29	32,013.67	33,220.62	35,641,176,116	622,370,111,537
Jun 13, 2021	29,363.22	32,474.13	28,792.00	32,288.38	33,585,976,800	604,895,778,237
Jun 12, 2021	30,836.80	30,893.60	28,679.75	29,360.51	31,319,155,285	550,021,118,522
Jun 11, 2021	30,141.29	30,890.09	29,605.29	30,664.80	31,786,222,472	574,430,003,096
Jun 10, 2021	30,700.57	31,476.35	29,434.49	30,136.54	35,780,324,152	564,514,673,278
Jun 09, 2021	27,447.10	30,831.39	26,674.12	30,673.49	44,330,764,973	574,548,979,552
Jun 08, 2021	27,551.37	27,902.32	25,521.22	27,455.49	40,931,508,148	514,251,643,122
Jun 07, 2021	29,454.76	30,239.97	27,519.38	27,585.19	27,686,478,056	516,654,917,344
Jun 06, 2021	29,210.11	29,948.04	29,017.75	29,476.22	23,764,708,566	552,048,700,268
Jun 05, 2021	30,312.76	31,165.56	28,685.56	29,221.08	29,556,026,133	547,242,144,399
Jun 04, 2021	32,372.15	32,372.15	29,464.48	30,435.15	34,507,553,903	569,953,806,761
Jun 03, 2021	30,797.71	32,337.25	30,506.58	32,115.94	29,045,936,136	601,403,884,762
Jun 02, 2021	30,037.82	31,291.24	29,437.38	30,754.19	27,067,545,740	575,875,926,671
Jun 01, 2021	30,494.20	30,987.21	29,262.21	29,996.35	28,323,790,445	561,653,615,780
May 31, 2021	29,260.51	30,745.47	28,098.05	30,634.37	32,010,466,717	573,573,419,211
May 30, 2021	28,384.06	29,854.85	27,492.80	29,262.24	25,955,261,127	547,856,403,445
May 29, 2021	29,267.18	30,538.73	27,634.85	28,391.16	37,097,255,900	531,522,145,386
May 28, 2021	31,591.13	31,878.18	28,532.65	29,286.24	45,286,127,077	548,258,799,659
May 27, 2021	32,249.48	33,121.18	30,552.41	31,527.73	35,443,581,038	590,197,552,726
May 26, 2021	31,338.36	33,288.78	30,941.02	32,074.28	41,912,286,042	600,405,276,178
May 25, 2021	31,767.27	32,570.19	29,954.08	31,445.01	46,028,171,653	588,601,215,592
May 24, 2021	28,488.44	32,704.01	28,365.88	31,776.99	55,301,140,791	594,665,042,147
May 23, 2021	30,813.99	31,436.14	25,638.21	28,547.28	64,424,686,697	534,225,140,634
May 22, 2021	30,682.29	31,880.99	29,050.64	30,818.25	47,107,774,121	576,723,481,332
May 21, 2021	33,197.95	34,486.08	27,489.69	30,505.72	67,097,299,430	570,874,972,329
May 20, 2021	30,193.87	34,884.19	28,794.78	33,503.84	72,525,382,108	626,980,719,610
May 19, 2021	35,138.44	35,630.30	25,104.21	30,276.14	103,388,723,557	566,578,541,945
May 18, 2021	35,773.41	37,685.47	34,851.91	35,297.40	46,219,895,080	660,529,106,653
May 17, 2021	38,210.26	38,381.21	34,745.67	35,840.73	61,661,798,726	670,674,615,931
May 16, 2021	38,462.88	40,935.66	36,196.04	38,248.34	52,732,085,752	715,697,457,103
May 15, 2021	41,047.18	41,692.80	38,419.66	38,498.74	48,708,651,090	720,350,831,967
May 14, 2021	41,148.79	42,602.44	40,474.28	41,312.40	46,163,300,303	772,965,128,104
May 13, 2021	41,193.92	42,515.34	38,911.72	41,177.98	80,110,358,843	770,416,088,353
May 12, 2021	46,696.88	47,705.36	40,468.93	40,468.93	61,929,881,468	757,108,885,583
May 11, 2021	46,003.16	46,847.74	44,982.89	46,709.37	50,501,687,922	873,807,390,851
May 10, 2021	47,867.42	48,909.79	44,433.00	45,902.57	58,982,089,814	858,664,860,142
May 09, 2021	48,405.99	48,680.17	46,436.62	47,875.64	54,185,119,562	895,521,323,848
May 08, 2021	47,152.52	48,888.77	46,842.11	48,345.47	53,754,552,145	904,252,039,233
May 07, 2021	46,741.33	48,558.06	45,836.47	47,522.19	56,700,462,596	888,799,734,624
May 06, 2021	47,836.03	48,603.86	46,121.50	46,965.95	57,897,670,894	878,346,544,689
May 05, 2021	44,318.00	48,195.52	44,082.38	47,789.92	57,624,631,795	893,708,263,625
May 04, 2021	47,439.31	47,439.31	44,103.83	44,221.66	56,850,632,476	826,934,304,803
May 03, 2021	47,097.48	49,054.76	47,073.02	47,579.95	43,015,661,317	889,677,185,841
May 02, 2021	48,108.23	48,172.06	46,707.26	47,114.22	31,761,692,369	880,920,245,108
May 01, 2021	48,015.72	48,626.10	47,464.64	48,110.05	35,637,765,742	899,483,138,039
Apr 30, 2021	44,178.08	47,750.72	43,815.98	47,626.57	43,210,925,108	890,403,753,598
Apr 29, 2021	45,204.66	45,417.05	43,193.98	44,130.96	37,978,614,717	825,012,589,091
Apr 28, 2021	45,544.19	46,529.42	44,593.60	45,368.81	39,721,674,134	848,120,614,933
Apr 27, 2021	44,726.18	45,874.05	44,137.52	45,556.31	40,933,139,901	851,583,417,604
Apr 26, 2021	40,583.51	44,891.94	40,397.45	44,671.78	48,196,354,780	835,009,332,437
Apr 25, 2021	41,375.72	41,750.35	38,983.96	40,508.92	38,122,297,433	757,166,736,889
Apr 24, 2021	42,277.09	42,297.21	40,344.45	41,374.10	40,517,390,980	773,299,218,751
Apr 23, 2021	43,067.44	43,384.57	39,716.97	42,529.59	72,141,698,647	794,860,443,340
Apr 22, 2021	44,729.94	46,019.86	42,011.38	42,990.12	62,122,506,820	803,431,859,482
Apr 21, 2021	46,928.24	47,166.61	44,621.63	44,796.66	45,644,729,005	837,153,799,117
Apr 20, 2021	46,231.20	47,377.28	44,376.58	46,888.15	56,333,597,447	876,208,740,976
Apr 19, 2021	46,947.62	48,057.55	45,424.53	46,557.18	54,595,112,081	869,987,519,783
Apr 18, 2021	50,661.13	50,957.88	44,090.95	46,917.41	81,346,449,047	876,690,177,284
Apr 17, 2021	51,352.20	52,222.05	50,376.92	50,646.05	55,198,680,900	946,325,844,464
Apr 16, 2021	52,840.46	53,121.31	50,304.48	51,432.37	70,410,792,068	960,988,367,596
Apr 15, 2021	52,636.76	53,259.70	51,913.88	52,836.05	50,866,919,063	987,177,477,259
Apr 14, 2021	53,128.16	54,248.32	51,481.42	52,781.86	64,776,873,393	986,108,925,012
Apr 13, 2021	50,284.86	53,519.30	50,268.01	53,318.77	58,759,507,951	996,094,978,741
Apr 12, 2021	50,581.31	51,486.67	50,088.69	50,343.86	43,564,966,936	940,474,911,725
Apr 11, 2021	50,286.75	51,080.24	49,819.20	50,588.19	38,887,722,715	944,993,266,107
Apr 10, 2021	48,949.48	51,489.56	48,768.76	50,243.06	48,936,622,013	938,500,163,557
Apr 09, 2021	48,943.98	49,456.26	48,508.72	48,875.54	39,150,111,733	912,906,421,368
Apr 08, 2021	47,249.25	49,134.87	47,063.26	49,122.42	44,683,761,052	917,474,408,526
Apr 07, 2021	49,005.38	49,464.07	46,830.38	47,205.09	63,709,382,422	881,621,672,229
Apr 06, 2021	50,061.35	50,321.63	48,771.05	49,232.60	55,887,205,535	919,441,505,681
Apr 05, 2021	49,941.69	50,902.45	49,035.64	50,194.12	51,595,110,558	937,353,823,828
Apr 04, 2021	48,986.64	50,099.72	48,615.73	49,967.75	43,157,056,642	933,076,779,266
Apr 03, 2021	50,511.02	51,117.23	48,985.83	48,985.83	50,718,462,577	914,695,238,352
Apr 02, 2021	50,171.99	51,163.83	49,977.08	50,414.31	49,857,017,273	941,327,529,064
Apr 01, 2021	50,254.46	50,816.91	49,895.17	50,398.80	52,593,436,295	940,995,922,161
Mar 31, 2021	50,272.36	51,125.23	49,245.37	50,262.60	55,894,637,478	938,404,520,485
Mar 30, 2021	49,070.29	50,512.31	48,646.64	50,062.36	46,235,674,732	934,618,925,217
Mar 29, 2021	47,465.64	49,496.85	46,779.67	48,994.69	48,888,971,778	914,639,329,848
Mar 28, 2021	47,459.64	47,998.36	46,693.31	47,439.13	40,432,164,423	885,558,037,369
Mar 27, 2021	46,749.65	47,962.66	45,991.10	47,458.43	40,076,024,963	885,869,705,608
Mar 26, 2021	43,882.29	46,815.22	43,794.70	46,815.22	48,101,455,128	873,816,866,048
Mar 25, 2021	44,635.09	45,198.58	43,051.92	43,769.43	57,564,289,563	816,931,588,632
Mar 24, 2021	46,200.98	48,355.96	44,346.41	44,565.91	59,591,409,500	831,752,263,596
Mar 23, 2021	45,663.38	46,897.94	44,791.38	45,853.77	47,274,547,267	855,744,317,224
Mar 22, 2021	48,386.64	49,188.84	45,669.64	45,872.37	47,548,391,390	856,046,932,168
Mar 21, 2021	48,809.19	49,192.55	46,880.34	48,150.84	43,480,014,291	898,519,998,157
Mar 20, 2021	48,827.90	50,250.09	48,728.31	48,812.31	42,156,042,545	910,814,797,635
Mar 19, 2021	48,538.95	49,921.64	47,526.44	48,955.29	41,166,650,789	913,436,876,167
Mar 18, 2021	49,156.87	50,177.83	45,284.38	48,293.68	46,530,105,502	901,046,314,001
Mar 17, 2021	47,734.55	49,535.53	45,804.86	49,452.43	50,617,886,955	922,620,105,539
Mar 16, 2021	46,818.87	47,650.93	44,902.41	47,627.22	50,096,322,388	888,527,985,270
Mar 15, 2021	49,578.03	50,643.39	46,337.16	46,767.16	55,560,732,784	872,438,951,039
Mar 14, 2021	51,217.17	51,532.39	49,611.90	49,611.90	36,727,457,998	925,461,038,887
Mar 13, 2021	47,973.06	51,604.29	47,031.56	51,235.54	50,755,954,934	955,698,041,557
Mar 12, 2021	48,250.71	48,397.08	46,210.76	47,842.54	46,472,200,745	892,365,877,618
Mar 11, 2021	46,919.70	48,703.72	45,680.05	48,463.99	47,598,103,187	903,912,124,899
Mar 10, 2021	46,099.59	48,146.46	44,810.45	47,095.63	48,177,845,870	878,350,810,031
Mar 09, 2021	44,111.07	46,263.88	43,865.39	46,263.88	42,962,792,201	862,796,195,499
Mar 08, 2021	42,916.56	43,872.57	41,517.66	43,815.92	40,755,649,863	817,103,355,838
Mar 07, 2021	41,052.61	43,121.81	41,052.61	42,972.71	36,200,999,047	801,337,051,968
Mar 06, 2021	41,036.28	41,244.39	39,658.56	41,047.32	28,837,937,827	765,396,768,185
Mar 05, 2021	40,553.56	41,280.10	38,895.11	40,888.06	40,636,202,509	762,387,506,572
Mar 04, 2021	41,915.73	42,921.91	39,538.48	40,288.67	43,426,942,821	751,175,001,225
Mar 03, 2021	40,064.72	43,473.51	39,947.63	41,821.05	44,040,913,780	779,713,016,464
Mar 02, 2021	41,178.15	41,605.93	39,200.04	40,154.66	39,450,740,169	748,606,760,981
Mar 01, 2021	37,359.15	41,184.87	37,322.41	41,058.49	44,582,709,735	765,420,520,387
Feb 28, 2021	38,265.09	38,697.84	35,819.45	37,390.14	44,270,564,833	697,002,742,098
Feb 27, 2021	38,389.97	39,970.89	37,498.87	38,260.48	38,030,607,901	713,196,404,345
Feb 26, 2021	38,783.62	39,762.09	36,543.08	38,092.53	288,505,124,030	710,027,691,405
Feb 25, 2021	40,857.09	42,698.10	38,707.57	38,707.57	44,800,254,711	721,457,045,460
Feb 24, 2021	40,190.15	42,210.60	38,855.62	40,906.35	52,419,949,106	762,400,206,647
Feb 23, 2021	44,560.41	44,560.41	37,232.17	40,137.24	87,223,994,583	748,025,476,954
Feb 22, 2021	47,461.23	47,461.77	40,395.45	44,717.95	75,937,999,786	833,361,719,012
Feb 21, 2021	46,267.89	48,134.50	45,941.15	47,482.08	42,825,991,094	884,833,815,334
Feb 20, 2021	46,118.34	47,453.43	45,077.95	46,293.44	56,233,769,904	862,642,312,263
Feb 19, 2021	42,743.12	46,413.68	42,132.11	46,227.14	52,519,474,834	861,364,505,301
Feb 18, 2021	43,284.98	43,561.54	42,350.89	42,902.14	43,213,384,943	799,366,840,767
Feb 17, 2021	40,695.60	43,446.81	40,584.03	43,128.48	66,840,530,742	803,546,133,757
Feb 16, 2021	39,512.90	41,488.07	38,900.44	40,547.53	63,499,566,190	755,425,107,296
Feb 15, 2021	40,178.68	40,326.40	38,240.52	39,558.65	63,589,066,914	736,972,452,469
Feb 14, 2021	38,871.78	40,829.73	38,871.78	40,194.15	58,783,648,248	748,774,317,392
Feb 13, 2021	39,183.66	39,642.85	38,276.97	38,865.44	57,961,684,361	723,983,266,413
Feb 12, 2021	39,467.48	40,183.59	38,270.48	39,160.67	63,108,224,765	729,446,808,496
Feb 11, 2021	37,046.69	39,988.03	36,460.07	39,530.80	67,155,374,746	736,305,413,000
Feb 10, 2021	38,356.23	38,914.05	36,219.59	37,075.56	72,058,494,203	690,545,268,706
Feb 09, 2021	38,328.60	39,837.95	37,483.74	38,574.34	76,192,349,262	718,424,225,917
Feb 08, 2021	32,266.42	38,337.80	31,593.91	38,331.61	84,192,630,959	713,871,081,204
Feb 07, 2021	32,575.34	32,883.79	31,078.10	32,287.56	54,361,667,611	601,274,687,314
Feb 06, 2021	31,652.61	33,900.22	31,652.61	32,588.47	59,196,399,696	606,846,626,420
Feb 05, 2021	30,863.47	31,945.16	30,635.51	31,876.97	48,970,052,504	593,565,663,492
Feb 04, 2021	31,129.97	32,057.90	30,168.37	30,673.89	57,182,686,988	571,130,763,837
Feb 03, 2021	29,500.97	31,137.04	29,445.44	31,130.31	50,814,945,854	579,598,747,117
Feb 02, 2021	27,794.83	29,754.03	27,758.38	29,433.59	52,292,551,251	547,981,348,877
Feb 01, 2021	27,315.92	28,572.75	26,713.46	27,664.52	50,648,637,901	515,019,907,592
Jan 31, 2021	28,235.54	28,249.92	26,587.17	27,282.69	43,464,098,425	507,891,101,052
Jan 30, 2021	28,256.18	28,700.07	27,139.19	28,234.42	53,669,896,754	525,581,590,457
Jan 29, 2021	28,309.88	31,681.79	26,450.65	28,308.00	97,252,647,599	526,927,942,230
Jan 28, 2021	25,154.16	27,977.93	24,808.90	27,653.84	63,227,963,825	514,725,543,839
Jan 27, 2021	26,768.90	26,768.90	24,140.93	25,016.74	51,440,538,870	465,617,204,220
Jan 26, 2021	26,654.76	27,013.85	25,560.56	26,828.76	49,634,198,328	499,319,804,859
Jan 25, 2021	26,533.70	28,602.22	26,370.96	26,599.93	49,225,675,754	495,034,199,080
Jan 24, 2021	26,337.33	27,059.85	25,550.69	26,522.14	39,955,507,372	493,563,259,989
Jan 23, 2021	27,094.14	27,402.34	25,868.13	26,340.01	39,718,049,871	490,150,035,197
Jan 22, 2021	25,322.72	27,783.06	23,790.87	27,120.70	63,440,906,993	504,653,243,868
Jan 21, 2021	29,346.95	29,349.66	24,972.78	25,447.42	62,445,319,096	473,493,369,118
Jan 20, 2021	29,712.57	29,983.09	27,668.85	29,298.53	55,085,188,869	545,127,287,001
Jan 19, 2021	30,332.55	31,254.44	29,858.69	29,858.69	47,386,916,755	555,523,031,183
Jan 18, 2021	29,660.85	30,909.73	28,908.07	30,355.16	41,030,100,245	564,730,806,985
Jan 17, 2021	29,938.04	30,400.56	28,204.25	29,629.77	43,346,053,052	551,208,041,937
Jan 16, 2021	30,482.77	31,345.98	29,499.20	29,950.04	47,772,009,926	557,142,911,154
Jan 15, 2021	32,217.16	32,563.55	28,517.04	30,298.99	55,751,857,565	563,605,700,140
Jan 14, 2021	30,693.22	32,865.21	30,317.79	32,224.56	52,312,764,540	599,393,367,947
Jan 13, 2021	27,770.95	30,788.24	26,681.53	30,556.02	56,798,068,404	568,329,854,475
Jan 12, 2021	29,208.48	30,073.77	26,890.65	27,898.07	61,493,169,886	518,865,801,063
Jan 11, 2021	31,447.49	31,447.49	25,053.33	29,167.75	101,133,594,156	542,452,550,350
Jan 10, 2021	32,927.79	33,881.55	29,435.28	31,375.41	65,423,931,688	583,480,324,110
Jan 09, 2021	33,364.94	33,894.77	31,886.20	32,928.06	50,702,797,264	612,321,934,875
Jan 08, 2021	32,106.30	34,197.41	30,032.99	33,260.58	71,830,360,116	618,475,867,625
Jan 07, 2021	29,862.40	32,575.51	29,584.58	31,919.36	68,719,380,123	593,506,641,604
Jan 06, 2021	27,655.31	29,985.63	27,249.12	29,940.64	61,215,278,791	556,682,911,563
Jan 05, 2021	26,101.80	28,110.27	24,668.56	27,746.90	55,136,652,158	515,864,423,533
Jan 04, 2021	26,798.77	27,312.73	23,459.68	26,113.48	66,291,323,613	485,470,879,730
Jan 03, 2021	26,476.66	28,519.63	26,413.13	27,014.45	64,825,109,716	502,191,584,414
Jan 02, 2021	24,208.05	27,321.91	23,972.97	26,474.89	55,925,382,232	492,135,322,382
Jan 01, 2021	23,735.42	24,232.02	23,579.54	24,046.62	33,343,128,062	446,974,377,585
